0

1 1 1 1 1
1 0 0 0 1
1 0 0 0 1
1 0 0 0 1
1 0 0 0 1
1 1 1 1 1

0 0 0 1


1

0 0 0 0 0
0 0 1 0 0
0 1 0 1 0
1 0 0 0 1
0 1 0 1 0
0 0 1 0 0

0 0 1 0


2

0 0 0 0 0
1 0 0 0 0
0 1 0 0 0
0 0 1 0 0
0 0 0 1 0
0 0 0 0 1

0 0 1 1


3

0 0 0 0 0
0 0 0 0 1
0 0 0 1 0
0 0 1 0 0
0 1 0 0 0
1 0 0 0 0

0 1 0 0


4

1 1 1 1 0
1 0 0 0 0
1 1 1 1 0
1 0 0 0 0
1 0 0 0 0
1 1 1 1 0

0 1 0 1


5

0 0 0 0 0
1 0 0 0 0
0 1 0 0 0
0 0 1 0 0
0 0 0 1 0
1 1 1 1 1

0 1 1 0


6

1 1 1 1 0
1 0 0 0 0
1 1 1 1 0
1 0 0 0 1
1 0 0 0 1
1 1 1 1 0

0 1 1 1


7

1 1 1 0 0
1 0 0 1 0
1 1 1 1 0
1 0 0 0 1
1 0 0 0 1
1 1 1 1 0

1 0 0 0


8

1 1 1 1 0
1 0 0 0 0
1 0 0 0 0
1 0 0 0 0
1 0 0 0 0
1 0 0 0 0

1 0 0 1


9

0 1 1 1 0
0 1 0 1 0
0 1 0 1 0
0 1 0 1 0
1 1 1 1 1
1 0 0 0 1

1 0 1 0